1.51916 0.00949878 -0.0665364 0.00175015
3.01786 -0.0582348 -0.120801 0.000511884
4.55799 -0.0848284 0.0674952 0.0607182
6.01023 0.349102 0.436418 0.0874206
7.21829 1.2876 0.724231 4.52475e-05
8.42902 2.21214 0.417435 0.103311
9.89973 2.58616 -0.0256942 0.120317
11.4124 2.29755 -0.412449 0.00140754
12.8733 1.94807 -0.0793835 0.0996364
14.3629 2.18663 0.337668 0.117897
15.6182 3.02503 0.762005 0.111656
16.4242 4.29945 1.19133 0.131004
16.589 5.83377 1.65804 0.130312
16.0597 7.27888 2.08851 0.0868264
15.0609 8.41678 2.43826 0.0768968
13.7153 9.1582 2.79415 0.083171
12.2238 9.37294 -3.13488 0.0815187
10.7294 9.04897 -2.7836 0.0803629
9.4428 8.22693 -2.42772 0.0817761
8.52217 6.99992 -2.07337 0.0833286
8.09435 5.51519 -1.71537 0.0760805
8.19211 4.00683 -1.37061 0.073646
8.80197 2.5824 -1.01741 0.0780541
9.85269 1.4676 -0.673034 0.0734898
11.2268 0.761549 -0.322328 0.081409
12.7676 0.583855 0.0276117 0.0787041
14.2747 0.951374 0.374483 0.0782928
15.5663 1.82105 0.726723 0.070946
16.4921 3.05792 1.07053 0.0761485
16.9383 4.52052 1.42411 0.0833478
16.8405 6.02888 1.76178 0.0758534
16.2464 7.40735 2.10731 0.0776154
15.2036 8.51807 2.4584 0.0747519
13.8373 9.22002 2.80699 0.0435263
12.3531 9.544 2.94179 0.000340235
10.8612 9.83429 2.89731 0.00065326
9.36433 10.0769 2.98052 0.00581738
7.82386 10.1791 3.06815 0.00398962
6.32035 10.1614 -3.12932 0.00971682
4.80985 9.95894 -2.91763 0.061434
3.44699 9.31495 -2.56558 0.0822732
2.39305 8.23304 -2.2074 0.0988674
1.82709 6.80799 -1.86513 0.0612454
1.72197 5.29267 -1.51883 0.0716958
2.12396 3.81364 -1.17273 0.0757902
3.01408 2.54414 -0.816078 0.894195
1.51754 2.71125 -0.0322136 1.10193
