-0 0 2.1684e-16
1.11264 -1.02445 -0.80534
2.54416 -1.60187 -0.157233
4.08481 -1.82289 -0.063085
5.58522 -1.93762 -0.0571408
7.09569 -2.07893 -0.0602087
8.5961 -2.19366 -0.060017
10.092 -2.31597 -0.0617427
11.607 -2.4497 -0.063852
13.117 -2.57014 -0.0571408
14.6315 -2.683 -0.0441019
16.1314 -2.77686 -0.0471699
17.6363 -2.88401 -0.0496626
19.1412 -2.99117 -0.0504296
20.6416 -3.1059 -0.0540728
22.1416 -3.19976 -0.0554151
23.647 -3.32778 -0.0573325
25.1429 -3.45009 -0.0586748
26.6388 -3.5724 -0.0596335
28.1437 -3.67955 -0.061551
29.6326 -3.90048 -0.541495
30.5561 -5.0896 -1.53743
30.4274 -6.58591 -1.62257
30.36 -8.08803 -1.59649
30.2786 -9.59201 -1.63331
30.1499 -11.0883 -1.63906
30.007 -12.5865 -1.645
29.9161 -14.0848 -1.58575
29.8487 -15.5869 -1.58058
29.7954 -17.0871 -1.6103
29.6858 -18.5949 -1.62851
29.5667 -20.0969 -1.63331
29.4712 -21.6028 -1.63618
29.3188 -23.0952 -1.64347
29.2137 -24.5954 -1.64385
29.0568 -26.0954 -1.6427
28.914 -27.5936 -1.62487
28.8044 -29.1013 -1.62659
28.6853 -30.6034 -1.62794
28.5802 -32.1035 -1.62851
28.447 -33.6074 -1.63024
28.3373 -35.1151 -1.63273
28.2041 -36.619 -1.63388
28.0709 -38.1229 -1.80089
27.416 -39.4798 -2.34968
26.2521 -40.4298 -2.55868
24.8674 -41.0114 -2.85531
23.3761 -41.2722 -3.12108
21.8732 -41.2485 3.13795
20.3652 -41.2115 3.1322
18.8427 -41.1556 3.12587
17.3392 -41.111 3.12395
15.8398 -41.038 3.12165
14.3359 -40.9726 3.11916
12.8365 -40.8996 3.11782
11.328 -40.8417 3.11417
9.82813 -40.7479 3.11341
8.31968 -40.69 3.11187
6.81977 -40.5962 3.07659
5.32338 -40.453 3.06202
3.82196 -40.2965 3.05972
2.32054 -40.1401 3.0695
0.824656 -40.0178 3.07391
-0.68632 -39.8556 3.0741
-2.19176 -39.7276 3.07276
-3.69268 -39.592 3.07084
-5.18907 -39.4488 3.07045
-6.68546 -39.3056 3.06969
-8.18637 -39.17 3.0693
-9.68729 -39.0344 3.06892
-11.1334 -38.6334 2.23348
-11.5967 -37.1948 1.58345
-11.5907 -35.6868 1.59707
-11.627 -34.1845 1.59515
-11.6114 -32.6823 1.55546
-11.53 -31.1783 1.5311
-11.439 -29.68 1.52209
-11.3575 -28.1761 1.52248
-11.2389 -26.6532 1.51787
-11.1293 -25.1454 1.51615
-11.0247 -23.6244 1.51653
-10.9297 -22.0977 1.51059
-10.7919 -20.5862 1.51251
-10.6778 -19.0709 1.50848
-10.5541 -17.5613 1.50042
-10.4254 -16.065 1.50138
-10.2685 -14.565 1.49851
-10.1448 -13.0554 1.49736
-10.0538 -11.5571 1.49544
-9.89694 -10.057 1.4918
-9.74458 -8.56457 1.49237
-9.60178 -7.06639 1.49218
-9.46854 -5.5625 1.48777
-9.32574 -4.06432 1.48566
-9.18294 -2.56613 1.4523
-8.46119 -1.24924 0.251573
-6.95676 -1.33552 -0.0728641
-5.45233 -1.42181 -0.0136141
-3.9489 -1.46637 -0.0132306
-2.44497 -1.53179 -0.0122718
-0.94154 -1.57634 -0.0139976
0.722844 -1.65534 -0.0943398
2.21571 -1.84783 -0.106803
3.72115 -1.97585 -0.0435267
5.31059 -2.07178 -0.0439102
7.13853 -2.32265 -0.0521553
8.70274 -2.31905 -0.0519636
10.2077 -2.4262 -0.0358568
11.7212 -2.49733 -0.0302961
13.2206 -2.57033 -0.0304879
15.3641 -2.802 -0.0322136
16.9884 -2.77468 -0.0341311
19.5931 -3.03378 -0.0295291
